98588488135116850
28474570130709132
98323146216489070
1894637548301325
21355662205223650
25282352547785904
48594737539969280
23112655056505484
36947442304849784
3436427444619139
11968830645894934
21292807205011300
58337482692429660
14890092879880946
96332600985354100
41667017068603610
7785565398895411
6972651584709477
73029550573009500
22134060576478890
75853040835170260
73274818112955360
84570653793784130
63733372103371250
77830144604111420
59007226819861900
45622505479554510
54884236271991350
37389310076251440
55436484462763230
25966305292332836
69720715188271300
64644602940900130
78914199630600210
24184028178797388
62253611194857816
25460897553765548
67550998303133870
74844399949192050
83970806259307790
11525779446788854
49639877136550360
34757068492786390
28698079968688804
91919207333891630
98745541224713460
67740341785895300
82410842336550290
76241704670149300
64804335879152420
32054677082579410
37615187076602140
23250914074292270
79279107657694640
13457939913917082
13990101746351046
19351699210723816
16178253068986682
98576091450035800
89567055575485800
25202552675326940
68297696630510664
31260105889989264
10264011256528672
54153885140606990